5 -3.465736 -3.709275
6 -4.158883 -4.405689
7 -4.852030 -5.100489
8 -5.545177 -5.794467
9 -6.238325 -6.488031
10 -6.931472 -7.181387
11 -7.624619 -7.874639
12 -8.317766 -8.567838
13 -9.010913 -9.261012
14 -9.704061 -9.954172
15 -10.397208 -10.647326
16 -11.090355 -11.340476
17 -11.783502 -12.033627
18 -12.476649 -12.726781
19 -13.169796 -13.419923
20 -13.862944 -14.113170
21 -14.556091 -14.806226
22 -15.249238 -15.497452
23 -15.942385 -16.200711
24 -16.635532 -16.867726
25 -17.328680 -17.743925
26 -18.021827 -18.175383
27 -18.714974 -20.713672
28 -19.408121 -20.713672
29 -20.101268 -16.731527
30 -20.794415 -16.731527
31 -21.487563 -16.731527
32 -22.180710 -16.731527
33 -22.873857 -16.731527
34 -23.567004 -16.731527
35 -24.260151 -16.731527
36 -24.953299 -11.868722
37 -25.646446 -11.853383
38 -26.339593 -10.764970
39 -27.032740 -10.250052
40 -27.725887 -10.250052
41 -28.419034 -10.250052
42 -29.112182 -7.783615
43 -29.805329 -7.626805
44 -30.498476 -6.629955
45 -31.191623 -6.077174
46 -31.884770 -6.077174
47 -32.577917 -4.409205
48 -33.271065 -4.089109
49 -33.964212 -3.192140
50 -34.657359 -2.595720
