5 -3.465736 -8.723280
6 -4.158883 -10.109538
7 -4.852030 -11.495823
8 -5.545177 -12.882115
9 -6.238325 -14.268409
10 -6.931472 -15.654703
11 -7.624619 -17.040996
12 -8.317766 -18.427307
13 -9.010913 -19.813709
14 -9.704061 -21.198910
15 -10.397208 -22.586251
16 -11.090355 -23.923718
17 -11.783502 -28.697009
18 -12.476649 -25.056726
19 -13.169796 -25.005567
20 -13.862944 -23.940768
21 -14.556091 -23.416280
22 -15.249238 -21.985080
23 -15.942385 -22.635252
24 -16.635532 -21.060045
25 -17.328680 -20.713672
26 -18.021827 -20.713672
27 -18.714974 -20.713672
28 -19.408121 -20.713672
29 -20.101268 -16.731527
30 -20.794415 -16.731527
